[app/ui]
version = 8.0.0
modtime = 1579602771.919446000

[app/launcher]
version = 8.0.0
modtime = 1579602771.920468000

[views/add_ca_certificates]
owner = admin
version = 7.3.4
modtime = 1579693753.328188000
