[app/ui]
version = 8.0.0
modtime = 1579602771.919446000

[app/launcher]
version = 8.0.0
modtime = 1579602771.920468000

[views/add_ca_certificates]
owner = admin
version = 8.0.0
modtime = 1579625893.309494000
